[0]0
[1]0
[2]0
[3]1
[4]0
[5]0
[6]1
[7]0
[8]2
[9]0
[10]3
[11]3
[12]4
[13]5
[14]4
[15]4
[16]12
[17]14
[18]10
[19]13
[20]16
[21]19
[22]27
[23]24
[24]26
[25]35
[26]27
[27]38
[28]38
[29]56
[30]44
[31]51
[32]57
[33]68
[34]56
[35]67
[36]68
[37]91
[38]73
[39]91
[40]83
[41]95
[42]94
[43]88
[44]96
[45]103
[46]99
[47]104
[48]106
[49]89
[50]93
[51]107
[52]90
[53]106
[54]116
[55]119
[56]110
[57]101
[58]104
[59]144
[60]119
[61]113
[62]114
[63]110
[64]135
[65]129
[66]132
[67]143
[68]148
[69]142
[70]153
[71]177
[72]171
[73]206
[74]195
[75]235
[76]220
[77]278
[78]324
[79]312
[80]370
[81]397
[82]411
[83]477
[84]477
[85]512
[86]529
[87]554
[88]652
[89]633
[90]649
[91]706
[92]712
[93]747
[94]730
[95]783
[96]741
[97]766
[98]816
[99]792
[100]732
[101]774
[102]726
[103]700
[104]713
[105]694
[106]728
[107]676
[108]713
[109]720
[110]716
[111]700
[112]609
[113]661
[114]688
[115]657
[116]644
[117]607
[118]617
[119]665
[120]596
[121]600
[122]547
[123]579
[124]540
[125]503
[126]553
[127]546
[128]472
[129]432
[130]464
[131]501
[132]432
[133]427
[134]418
[135]406
[136]299
[137]388
[138]364
[139]371
[140]313
[141]329
[142]351
[143]316
[144]319
[145]311
[146]287
[147]284
[148]290
[149]235
[150]251
[151]250
[152]259
[153]225
[154]239
[155]239
[156]232
[157]210
[158]227
[159]220
[160]200
[161]210
[162]189
[163]220
[164]215
[165]214
[166]220
[167]204
[168]205
[169]218
[170]200
[171]204
[172]211
[173]213
[174]198
[175]190
[176]214
[177]229
[178]208
[179]207
[180]219
[181]205
[182]221
[183]225
[184]247
[185]234
[186]258
[187]255
[188]249
[189]252
[190]261
[191]257
[192]303
[193]305
[194]330
[195]330
[196]344
[197]342
[198]313
[199]341
[200]366
[201]341
[202]389
[203]363
[204]375
[205]414
[206]408
[207]399
[208]407
[209]431
[210]445
[211]487
[212]490
[213]486
[214]488
[215]559
[216]603
[217]652
[218]628
[219]651
[220]720
[221]724
[222]682
[223]671
[224]603
[225]574
[226]444
[227]417
[228]416
[229]545
[230]864
[231]838
[232]1440
[233]2018
[234]1542
[235]1959
[236]2405
[237]1563
[238]2946
[239]1601
[240]535
[241]667
[242]378
[243]137
[244]45
[245]17
[246]14
[247]8
[248]4
[249]2
[250]2
[251]5
[252]1
[253]0
[254]1
[255]0
